0
(null)
C
1
2
3
4
5
6
7
8
9
10
11
12
13
14
15
16
17
18
19
20
21
22
23
24
25
26
27
28
29
30
31
32
33
34
35
N
N
N
N
N
36
37
38
39
40
41
42
43
N
N
N
N
N
N
N
N
N
44
45
46
47
48
49
N
N
N
N
N
N
N
N
N
50
51
52
53
54
N
N
N
N
N
N
N
N
N
N
N
55
56
57
58
N
N
N
N
N
N
N
N
N
N
N
59
60
61
62
N
N
125
N
127
N
N
N
N
128
N
63
64
65
66
N
N
N
N
N
N
N
N
N
N
N
67
68
69
70
N
N
N
N
N
N
N
N
N
N
N
71
72
73
74
75
N
N
N
N
N
N
126
N
N
76
77
78
79
80
81
N
N
N
N
N
N
N
N
N
82
83
84
85
86
87
88
89
N
N
N
N
N
90
91
92
93
94
95
96
97
98
99
100
101
102
103
104
105
106
107
108
109
110
111
112
113
114
115
116
117
118
119
120
121
122
123
124
E
1
4096
0
0
50
M
2
4096
0
1
50
M
3
4096
0
2
50
M
4
4096
0
3
50
M
5
16777216
0
4
50
M
6
4096
0
5
50
M
7
4096
0
6
50
M
8
4096
0
7
50
M
9
4096
0
8
50
M
10
4096
0
9
50
M
11
4096
0
10
50
M
12
4096
0
11
50
M
13
4096
0
12
50
M
14
4096
0
13
50
M
15
16777216
0
14
50
M
16
16777216
1
0
50
M
17
4096
1
1
50
M
18
4096
1
2
50
M
19
4096
1
3
50
M
20
4096
1
4
50
M
21
4096
1
5
50
M
22
4096
1
6
50
M
23
4096
1
7
50
M
24
4096
1
8
50
M
25
4096
1
9
50
M
26
4096
1
10
50
M
27
4096
1
11
50
M
28
4096
1
12
50
M
29
16777216
1
13
50
M
30
4096
1
14
50
M
31
4096
2
0
50
M
32
4096
2
1
50
M
33
4096
2
2
50
M
34
4096
2
3
50
M
35
4096
2
4
50
M
36
4096
2
10
50
M
37
4096
2
11
50
M
38
16777216
2
12
50
M
39
4096
2
13
50
M
40
4096
2
14
50
M
41
4096
3
0
50
M
42
4096
3
1
50
M
43
4096
3
2
50
M
44
4096
3
12
50
M
45
4096
3
13
50
M
46
4096
3
14
50
M
47
4096
4
0
50
M
48
16777216
4
1
50
M
49
4096
4
2
50
M
50
16777216
4
12
50
M
51
4096
4
13
50
M
52
4096
4
14
50
M
53
4096
5
0
50
M
54
4096
5
1
50
M
55
4096
5
13
50
M
56
4096
5
14
50
M
57
4096
6
0
50
M
58
4096
6
1
50
M
59
4096
6
13
50
M
60
4096
6
14
50
M
61
4096
7
0
50
M
62
16777216
7
1
50
M
63
16777216
7
13
50
M
64
4096
7
14
50
M
65
4096
8
0
50
M
66
4096
8
1
50
M
67
4096
8
13
50
M
68
4096
8
14
50
M
69
4096
9
0
50
M
70
4096
9
1
50
M
71
4096
9
13
50
M
72
4096
9
14
50
M
73
4096
10
0
50
M
74
16777216
10
1
50
M
75
16777216
10
2
50
M
76
4096
10
12
50
M
77
4096
10
13
50
M
78
4096
10
14
50
M
79
4096
11
0
50
M
80
4096
11
1
50
M
81
4096
11
2
50
M
82
4096
11
12
50
M
83
4096
11
13
50
M
84
4096
11
14
50
M
85
4096
12
0
50
M
86
4096
12
1
50
M
87
4096
12
2
50
M
88
4096
12
3
50
M
89
4096
12
4
50
M
90
4096
12
10
50
M
91
16777216
12
11
50
M
92
4096
12
12
50
M
93
4096
12
13
50
M
94
4096
12
14
50
M
95
4096
13
0
50
M
96
16777216
13
1
50
M
97
4096
13
2
50
M
98
4096
13
3
50
M
99
4096
13
4
50
M
100
16777216
13
5
50
M
101
4096
13
6
50
M
102
4096
13
7
50
M
103
16777216
13
8
50
M
104
16777216
13
9
50
M
105
4096
13
10
50
M
106
4096
13
11
50
M
107
4096
13
12
50
M
108
4096
13
13
50
M
109
4096
13
14
50
M
110
4096
14
0
50
M
111
4096
14
1
50
M
112
4096
14
2
50
M
113
4096
14
3
50
M
114
4096
14
4
50
M
115
4096
14
5
50
M
116
4096
14
6
50
M
117
4096
14
7
50
M
118
4096
14
8
50
M
119
4096
14
9
50
M
120
16777216
14
10
50
M
121
4096
14
11
50
M
122
4096
14
12
50
M
123
4096
14
13
50
M
124
4096
14
14
50
M
125
1
7
4
10
M
126
262144
10
9
2
M
127
2097152
7
6
20
M
128
0
7
11
8
M
